rootX,rootY,rootZ
0.00652354,-1.00865,-0.423405
0.00517152,0.149325,0.0610261
0.0233643,0.0289762,-0.000916329
0.0446445,0.0722495,-0.00213619
0.0633439,0.142348,-0.00617723
0.0507571,0.215151,-0.0160601
-0.00686946,0.259777,-0.0241224
-0.0727624,0.273849,-0.0338346
-0.107988,0.259799,-0.0428723
-0.106968,0.214629,-0.0432328
-0.0755616,0.14465,-0.0297684
-0.0371032,0.0745232,0.00358451
-0.0186041,0.0283015,0.0522385
-0.0498156,0.00789881,0.106082
-0.0966336,0.000898839,0.117993
-0.102263,-0.00032425,0.0606998
-0.0805963,0,-0.00652894
-0.0721681,-0.00135005,-0.015452
-0.0782718,0.00545025,0.0270977
-0.0712268,0.028776,0.0575872
-0.0459973,0.0736243,0.0562566
-0.0203138,0.1383,0.0567706
-0.00822806,0.180527,0.078355
0.00551603,0.156049,0.109559
0.0237036,0.0702999,0.124768
0.0432873,-0.039973,0.11062
0.0688535,-0.113072,0.078571
0.0782719,-0.115177,0.0450264
0.0735211,-0.086375,0.0205277
0.0874653,-0.0737736,0.00635103
0.124275,-0.0779027,-0.00245201
0.135767,-0.0711996,-0.0146617
0.0873354,-0.0461004,-0.0350187
-0.00686941,-0.0215489,-0.0595986
-0.10968,5.96047e-07,-0.0795988
-0.17804,0.0218985,-0.0839809
-0.185248,0.0450013,-0.0672896
-0.137202,0.0619481,-0.0332989
-0.0735191,0.0562504,0.00507243
-0.0285357,0.0233251,0.0345365
-0.007883,-0.0045988,0.0510923
-0.00101401,-2.98024e-07,0.0592997
0.00033902,0.00424862,0.0610486
1.86265e-08,-0.0205234,0.0555259
1.86265e-08,-0.0562496,0.0444335
1.86265e-08,-0.0647504,0.0303793
1.86265e-08,-0.0446508,0.0183316
1.86265e-08,-0.0205493,0.0116283
1.86265e-08,-0.0067997,0.00808256
1.86265e-08,-0.00145197,0.00599167
1.86265e-08,0.000350476,0.00302192
1.86265e-08,0,-0.00191879
1.86265e-08,0,-0.00443878
1.86265e-08,0,-0.000941624
1.86265e-08,0,0.00838735
1.86265e-08,0,0.0202344
-0.00135899,0,0.030144
0.00551006,0,0.0316284
0.0288746,0,0.0193797
0.0735208,0,-0.00991383
0.136865,0,-0.0582291
0.18626,0,-0.117433
0.18626,0,-0.167722
0.136864,0,-0.188986
0.0735193,0,-0.178331
0.0285357,0,-0.152615
0.00924164,0,-0.126707
-0.00449728,0,-0.105314
-0.0305726,0,-0.0872171
-0.068009,0,-0.0681569
-0.107988,0,-0.0478403
-0.112742,0,-0.0210918
-0.0493987,0,0.0227071
0.0493987,0.00134975,0.0686626
0.112742,-0.00679792,0.0814593
0.108327,-0.0247008,0.0530443
0.0656368,-0.0392005,-0.00384921
0.0275227,-0.0345224,-0.0815773
0.00822147,0.0255493,-0.154034
0.00101313,0.131299,-0.209343
-0.000338883,0.206651,-0.250527
0,0.176075,-0.266767
0,0.0449735,-0.244576
0,-0.0933737,-0.183657
0,-0.1453,-0.116244
0,-0.0988261,-0.0636879
0,0.000777245,-0.0319881
0,0.10795,-0.0165563
0,0.178276,0.00264804
0,0.185301,0.0511817
0,0.137075,0.129941
0,0.073424,0.200725
0,0.0286493,0.223794
0,0.00790209,0.195631
0,0.000899733,0.143694
0,-0.00032574,0.0931957
0,8.94071e-07,0.0560101
0,8.94071e-07,0.0296073
0,8.94071e-07,0.00941449
0,8.94071e-07,-0.00235598
0.00135905,0.00135094,-0.00339576
-0.0055104,-0.00544936,0.012356
-0.0302337,-0.0287751,0.0491103
-0.0666499,-0.0736234,0.0994178
-0.113499,-0.136925,0.156713
-0.141617,-0.186177,0.203455
-0.122917,-0.1862,0.209064
-0.0874655,-0.13675,0.165588
-0.0735191,-0.0734494,0.104492
-0.0779331,-0.0284481,0.0588256
-0.0712268,-0.00925125,0.037447
-0.0459973,0.00704885,0.0340195
-0.0203138,0.0169006,0.0398276
-0.00686905,0.0213,0.042307
5.99307e-06,0.0186497,0.0265031
-0.00517099,-0.0138495,-0.00471171
-0.0288747,-0.049449,-0.0417078
-0.0735191,-0.0494519,-0.0916441
-0.136863,-0.0138509,-0.163413
-0.187621,0.0183258,-0.237347
-0.18075,0.0242263,-0.271958
-0.107988,0.0139511,-0.245413
0.00135901,0.0055492,-0.177385
0.102817,0.00157356,-0.100783
0.149502,-0.00032425,-0.0375693
0.111729,0,0.0126753
0.000338778,0,0.0639228
-0.112741,0,0.110485
-0.159083,0,0.126544
-0.122113,0,0.0994616
-0.0505012,0,0.046274
0.0212818,0,-0.0050087
0.0856942,0,-0.035045
0.116392,0,-0.0408328
0.108329,0,-0.0328641
0.0633436,0,-0.0192467
-0.0153055,0,-0.000721976
-0.0888704,0,0.019284
-0.104521,0,0.033743
-0.0416771,0,0.0367233
0.0698758,0.00134975,0.029293
0.159077,-0.00679792,0.0105988
0.178038,-0.0233507,-0.0102578
0.135851,-0.0446508,-0.0324698
0.0752188,-0.0632984,-0.0584113
0.0216668,-0.0494501,-0.0601138
-0.0154835,0,-0.0304576
-0.043632,0.0494498,0.00825947
-0.0636825,0.0632981,0.0265753
-0.0493972,0.046351,0.0119093
-1.86265e-08,0.0151014,-0.023519
0.0493973,-0.0219786,-0.0637926
0.0633438,-0.072175,-0.105643
0.0449831,-0.137273,-0.14556
0.0206548,-0.186175,-0.15795
0.00822801,-0.1862,-0.124366
-0.00415901,-0.13675,-0.0622281
-0.0292135,-0.0734494,-0.00729172
-0.0735191,-0.0284481,0.0278076
-0.136863,-0.00790239,0.0503059
-0.186262,-0.00110149,0.0697384
-0.187621,0.000350476,0.0964015
-0.131353,0,0.133869
-0.0446443,0,0.170995
0.044983,0,0.190582
0.128982,0,0.186299
0.185248,0,0.156878
0.186599,0,0.102995
0.136865,0,0.0361375
0.0735208,0,-0.02329
0.0285358,0,-0.054496
0.00788125,0,-0.0539823
0.00101226,-0.00135005,-0.0398447
-0.00033876,0.00545025,-0.0346883
1.86265e-08,0.028776,-0.0540611
1.86265e-08,0.0736243,-0.0925019
1.86265e-08,0.136926,-0.120976
1.86265e-08,0.187525,-0.111648
1.86265e-08,0.179399,-0.0751736
1.86265e-08,0.113402,-0.0369845
1.86265e-08,0.0287986,-0.0188603
1.86265e-08,-0.0348527,-0.021088
1.86265e-08,-0.0415478,-0.0132365
1.86265e-08,0.00110149,0.015243
1.86265e-08,0.0490994,0.0395203
1.86265e-08,0.0632981,0.0367221
1.86265e-08,0.046351,0.0168693
1.86265e-08,0.0151014,-0.00406504
1.86265e-08,-0.0219786,-0.0217818
-0.00135899,-0.072175,-0.0455145
0.00686906,-0.137273,-0.0754246
0.0220055,-0.186175,-0.0882926
0.0501563,-0.1862,-0.0713966
0.0922183,-0.13675,-0.0311113
0.122916,-0.0734494,0.00543052
0.136863,-0.0284481,0.0192888
0.136864,-0.00790239,0.0222323
0.122918,-0.00110149,0.0309983
0.0918798,0.000350476,0.0518276
0.0528661,0,0.0710841
0.0216663,0,0.0684938
0.00653058,0,0.0400883
0.00135201,0,0.00314553
-0.000338883,0,-0.0214428
0,0,-0.0237796
0,0,-0.00992
0,0,0.00537932
0,-0.00135005,0.0105875
0,0.00545025,0.000140448
0,0.028776,-0.0188268
0,0.0736243,-0.0341485
0,0.138301,-0.0395375
0,0.180552,-0.0326993
0,0.157223,-0.012783
0,0.0633231,0.0141117
0,-0.0633234,0.030711
0,-0.158923,0.0212638
0,-0.171302,-0.00504778
0,-0.112501,-0.020219
0,-0.0293243,-0.00986024
0,0.034875,0.0173963
0,0.0415501,0.040938
0,-0.00110179,0.0492888
0,-0.0490994,0.0424023
0,-0.0632984,0.0194888
0,-0.0450013,-0.0215683
0,-0.0205493,-0.0696858
0,-0.0068009,-0.0987669
0,-0.00145078,-0.0924353
0,0.000350476,-0.0584685
0,0,-0.0236348
0,0,-0.00161599
0,0,0.0160112
0,0,0.0447713
0,0,0.0839123
0,0,0.111568
0,0,0.114562
0,0,0.0934686
0,0,0.056599
0,0,0.0152803
0,0,-0.0189642
0,0,-0.0352785
0,0,-0.0325005
0,0,-0.0233675
0,0,-0.0120508
0,0,-0.0014165
0,0,0.00160854
0,0,-0.00506151
0,0,-0.0191508
0,0,-0.0322992
0.00135905,0,-0.0380038
-0.0055104,0,-0.0392023
-0.0302337,0,-0.0379743
-0.068009,0,-0.0346322
-0.106629,0,-0.0305363
-0.119612,0,-0.016252
-0.0714023,0,0.0184478
-0.000757089,0,0.0623231
0.0205225,-0.00135005,0.0877343
-0.0145893,0.00545025,0.0814091
-0.0712268,0.030151,0.0573025
-0.1107,0.0666238,0.0450491
-0.107825,0.113601,0.0565791
-0.0675028,0.141527,0.0707783
-0.00856103,0.122873,0.0502128
0.041679,0.0888489,-0.0131948
0.041508,0.0679762,-0.0775604
0.00551626,0.0464017,-0.0998193
-0.0256956,0.0100246,-0.0791811
-0.0186993,-0.0387246,-0.0393163
0.0183605,-0.047701,0.012334
0.0273855,0.0208503,0.0725961
-0.00135926,0.100128,0.114787
-0.0218734,0.113774,0.109317
0.010514,0.0520468,0.0541248
0.0918793,-0.0211236,-0.0200513
0.165609,-0.0620738,-0.080826
0.179391,-0.074451,-0.0994639
0.135511,-0.0607989,-0.0667353
0.0738583,-0.0303495,-0.0139502
0.0285357,-0.0252256,0.00124531
0.00788259,-0.0679738,-0.0497041
0.00101313,-0.1124,-0.13963
-0.000338883,-0.0922261,-0.204994
0,0.00699849,-0.1906
0,0.114201,-0.10618
0,0.155851,0.000863125
0,0.135649,0.0913213
0,0.0958757,0.153938
0,0.0749768,0.186325
0,0.0657499,0.175999
0,0.0215504,0.119149
0,-0.0751261,0.046972
0,-0.180752,0.00116828
0.00135905,-0.219347,-0.0149022
-0.0055104,-0.163175,-0.0223231
-0.0275156,-0.0495255,-0.0220251
-0.0790299,0.0323239,-0.000546235
-0.167096,0.0181997,0.0376281
-0.25427,-0.0513727,0.0721695
-0.29425,-0.0835259,0.0912318
-0.249606,-0.0399501,0.0897976
-0.122918,0.0422243,0.0688901
0.0208636,0.0852261,0.0414009
0.10486,0.041228,0.0165307
0.107313,-0.0505502,0.00125353
0.0659768,-0.112403,0.000933791
0.0275238,-0.10965,0.0140622
0.00822003,-0.0600964,0.0304895
0.00101226,0.00142336,0.031108
-0.00033876,0.0653726,0.00522201
1.86265e-08,0.135827,-0.0405063
1.86265e-08,0.186524,-0.0945491
1.86265e-08,0.1862,-0.134857
1.86265e-08,0.13675,-0.136117
1.86265e-08,0.073424,-0.0922956
1.86265e-08,0.0286508,-0.0124428
1.86265e-08,0.00789881,0.0793946
1.86265e-08,0.000898839,0.146933
1.86265e-08,-0.00032425,0.158795
1.86265e-08,0,0.111065
1.86265e-08,0,0.0380626
1.86265e-08,0,-0.0131976
-0.00135899,0,-0.0229928
0.00551006,0,-0.00675613
0.0288746,0.00134975,0.00487971
0.0735208,-0.00679792,-0.00561529
0.136865,-0.0219757,-0.0348108
0.187619,-0.0503013,-0.0721501
0.179391,-0.0920741,-0.10246
0.113499,-0.122877,-0.111811
0.0302337,-0.136951,-0.107196
-0.0403183,-0.138073,-0.105415
-0.0703901,-0.117449,-0.108346
-0.0725057,-0.0629765,-0.102713
-0.0878048,0.0207496,-0.0743058
-0.122918,0.115075,-0.0189548
-0.141277,0.179724,0.0435848
-0.11621,0.18495,0.0754491
-0.0666501,0.137075,0.0605185
-0.0271828,0.073424,0.0191672
-0.00822197,0.0286508,-0.0157407
-0.00101401,0.00789881,-0.029547
0.00033902,0.000898839,-0.0283493
1.86265e-08,-0.00032425,-0.0225843
1.86265e-08,0,-0.0192503
1.86265e-08,0,-0.0200842
1.86265e-08,0,-0.0218955
1.86265e-08,0.00134975,-0.0144683
0.00135902,-0.00544787,0.000998542
-0.00686899,-0.030151,0.00786803
-0.0233648,-0.0680012,0.00295474
-0.0446443,-0.109299,-0.0141803
-0.0647028,-0.10595,-0.0263545
-0.0438873,-0.0260994,-0.00851429
0.0288747,0.0941006,0.0309753
0.122916,0.176048,0.0518886
0.200208,0.157752,0.0267503
0.232604,0.0655273,-0.0157735
0.200044,-0.0205493,-0.0413168
0.120368,-0.0605018,-0.052015
0.0302266,-0.0728781,-0.0753326
-0.0351468,-0.0945006,-0.122436
-0.0415154,-0.143724,-0.159216
0.00101305,-0.187625,-0.155586
0.0490592,-0.18585,-0.124885
0.0633439,-0.13675,-0.092544
0.0449834,-0.0734494,-0.0689929
0.0206532,-0.0297982,-0.0508756
0.00686946,-0.00245214,-0.0283003
0.00135201,0.0276745,0.004513
-0.000338883,0.0739748,0.0454864
0,0.136926,0.0826068
0,0.186175,0.0954083
0,0.1862,0.0798233
0,0.13675,0.0591226
0,0.073424,0.0583364
0,0.0286508,0.0760681
0,0.00789881,0.0830743
0,0.000898839,0.0633206
0,-0.00032425,0.0270725
0,0,-0.00300183
0,0,-0.00943024
0,0,0.0116611
0,0,0.0393663
0,0,0.0528875
0,0,0.0527453
0,0,0.0460533
0,0,0.0468611
0,0,0.0523811
0,0.00134975,0.0436565
0,-0.00544787,0.0108605
0,-0.028776,-0.0355585
0,-0.073627,-0.0788726
0,-0.138298,-0.107748
0.00135905,-0.18055,-0.117143
-0.0055104,-0.157224,-0.0994764
-0.0288747,-0.0633234,-0.061103
-0.0735195,0.0646732,-0.00994758
-0.136863,0.152124,0.0556045
-0.186261,0.149325,0.13005
-0.186262,0.062224,0.200346
-0.136863,-0.0629742,0.238331
-0.0721601,-0.157548,0.222948
-0.0340457,-0.1783,0.157473
-0.0367578,-0.135851,0.0657071
-0.0745331,-0.0737748,-0.0194729
-0.136524,-0.0284481,-0.0684561
-0.186262,-0.00790239,-0.0711301
-0.187621,-0.00110149,-0.0376338
-0.131353,0.000350476,0.00873101
-0.0446443,0,0.038656
0.044983,0,0.0435162
0.128982,-0.00135005,0.0321621
0.183889,0.0068003,0.0165048
0.19347,0.0219754,-0.0132251
0.160229,0.0516513,-0.0600563
0.118163,0.0866497,-0.11469
0.0918796,0.0938992,-0.154234
0.0572806,0.0633264,-0.137646
-0.000346997,2.98024e-07,-0.0652516
-0.044226,-0.0633261,0.0128538
-0.0344691,-0.0955994,0.0376118
0.0285357,-0.0784246,-0.013183
0.11621,-0.0230023,-0.103489
0.179391,0.0514514,-0.154305
0.184909,0.130277,-0.124408
0.137203,0.184948,-0.0467454
0.0735193,0.186525,0.018896
0.0285357,0.13675,0.0468486
0.00788259,0.073424,0.0517608
0.00101313,0.0286508,0.0531627
-0.000338883,0.00789881,0.0542081
0,0.00224859,0.0496908
0,-0.00577212,0.0322178
0,-0.030151,0.00168152
0,-0.0666261,-0.0323283
0,-0.11495,-0.0634146
0,-0.134724,-0.0744196
0,-0.0995235,-0.0545021
0,-0.0428531,-0.0130834
0,-0.0114751,0.0233584
0,-0.0230238,0.0386409
0,-0.0422249,0.0360393
0,-0.0218994,0.0278789
0,0.0530249,0.0302845
0,0.134424,0.0409323
0,0.1642,0.0478235
0,0.130274,0.0450071
0,0.0721747,0.038419
0,0.030326,0.0331883
0,0.0011009,0.0261668
0,-0.0210768,0.0111528
0,-0.0506256,-0.0181461
0,-0.0920741,-0.0545281
0,-0.122877,-0.0818303
0,-0.136951,-0.0950379
0,-0.136723,-0.095027
0,-0.122899,-0.0806471
0,-0.0917525,-0.0535586
0.00135905,-0.0542501,-0.0260539
-0.0055104,-0.0161982,-0.00191107
-0.0288747,0.0223255,0.0246132
-0.0748785,0.0721735,0.0619312
-0.129994,0.137276,0.116144
-0.162896,0.186175,0.171262
-0.141618,0.187549,0.194137
-0.0735191,0.129952,0.173008
-0.0241198,0.0500986,0.114383
-0.028536,-0.0162026,0.0176105
-0.0572804,-0.0553996,-0.0980573
-0.0643575,-0.0483487,-0.184199
-0.0446462,-0.000350476,-0.197522
-0.0206525,0.0494498,-0.147355
-0.00686905,0.0632981,-0.0764974
-0.00135301,0.046351,-0.0170545
0.00033902,0.0137514,0.0212176
1.86265e-08,-0.0165534,0.0356993
1.86265e-08,-0.0431988,0.0262552
1.86265e-08,-0.0636489,0.00492924
1.86265e-08,-0.0494501,-0.0111845
1.86265e-08,0,-0.010127
1.86265e-08,0.0494498,0.00162998
1.86265e-08,0.0632981,0.0114243
1.86265e-08,0.0436259,0.0140618
1.86265e-08,0.0262022,0.00931349
1.86265e-08,0.0355733,0.000690509
1.86265e-08,0.0748736,-0.006651
1.86265e-08,0.136601,-0.00733827
1.86265e-08,0.186177,0.0019825
1.86265e-08,0.186199,0.0201993
1.86265e-08,0.136751,0.041633
1.86265e-08,0.0747991,0.0560931
1.86265e-08,0.0229988,0.057428
1.86265e-08,-0.0208739,0.0477733
1.86265e-08,-0.0725243,0.0378483
1.86265e-08,-0.137276,0.0362718
1.86265e-08,-0.187552,0.0461678
1.86265e-08,-0.179199,0.0662863
1.86265e-08,-0.113399,0.0849874
1.86265e-08,-0.0290013,0.0891108
1.86265e-08,0.0362251,0.075673
1.86265e-08,0.0347495,0.0548504
1.86265e-08,-0.0257999,0.0371931
1.86265e-08,-0.0882996,0.0281825
1.86265e-08,-0.0978265,0.0314165
1.86265e-08,-0.0208006,0.0506048
1.86265e-08,0.117551,0.0752393
1.86265e-08,0.221825,0.083247
1.86265e-08,0.227626,0.0750807
1.86265e-08,0.125177,0.0578865
1.86265e-08,-0.0214765,0.0245058
1.86265e-08,-0.132075,-0.0253368
1.86265e-08,-0.190899,-0.0712304
1.86265e-08,-0.185626,-0.0806118
1.86265e-08,-0.123201,-0.0439973
1.86265e-08,-0.0425005,0.0105403
1.86265e-08,0.0104234,0.049783
1.86265e-08,0.0233251,0.0555295
1.86265e-08,0.0142765,0.0328136
1.86265e-08,0.0055492,0.00336975
1.86265e-08,0.00157356,-0.0205408
1.86265e-08,-0.0016743,-0.0393437
1.86265e-08,0.00545025,-0.0555911
1.86265e-08,0.028776,-0.0672483
1.86265e-08,0.0749744,-0.0666653
1.86265e-08,0.13285,-0.0481085
1.86265e-08,0.150401,-0.0166854
1.86265e-08,0.0892244,0.00952328
1.86265e-08,-0.0446234,0.017808
1.86265e-08,-0.176074,0.00653317
1.86265e-08,-0.207,-0.009531
1.86265e-08,-0.128851,-0.00617671
1.86265e-08,-0.0231007,0.0203612
1.86265e-08,0.0345257,0.0564168
1.86265e-08,0.0370759,0.0887049
-0.00135899,0.0196505,0.103656
0.00551006,0.0071478,0.0779174
0.0288746,0.00124931,0.0130687
0.0748801,-0.00032425,-0.0748945
0.131353,0,-0.156884
0.157385,0,-0.18697
0.112743,0,-0.14468
0,0,-0.058899
-0.112743,0,0.0118728
-0.157724,0.00134975,0.043944
-0.12898,-0.00544787,0.0469916
-0.0725071,-0.028776,0.0350881
-0.0302335,-0.073627,0.00734571
-0.00101396,-0.136923,-0.015762
0.0223505,-0.186175,0.0026393
0.0449853,-0.1862,0.065274
0.0633436,-0.13675,0.128836
0.0493973,-0.0734494,0.133989
-4.65662e-09,-0.0284481,0.0791996
-0.0493973,-0.00790239,0.0196747
-0.0633436,-0.00110149,0.00725592
-0.0449853,0.000350476,0.0393924
-0.0220115,0,0.0721822
-9.31323e-09,-0.00135005,0.0666235
0.0220115,0.00545025,0.0259762
0.0449853,0.028776,-0.0264518
0.0633436,0.0736243,-0.0753405
0.0493973,0.136926,-0.105629
-4.65662e-09,0.186175,-0.122246
-0.0493973,0.187549,-0.136463
-0.0633436,0.131302,-0.143072
-0.0463442,0.0446505,-0.120121
-0.0151426,-0.0449762,-0.0765617
0.0220055,-0.129026,-0.048363
0.0721679,-0.185276,-0.0565748
0.137204,-0.186525,-0.100284
0.18626,-0.1381,-0.146557
0.18626,-0.0666488,-0.153411
0.136864,-0.00647516,-0.107242
0.0735193,0.0423739,-0.0317784
0.0285357,0.0911764,0.0340941
0.00788259,0.123223,0.0650762
0.00101313,0.136751,0.0678924
-0.000338883,0.13675,0.0509551
0,0.122899,0.0211505
0,0.0917498,-0.00691229
0,0.0542522,-0.014579
0,0.0162006,-0.00157574
0,-0.023703,0.00333673
0,-0.0665492,-0.01772
0,-0.108299,-0.0561812
0,-0.112751,-0.0831575
0,-0.0494498,-0.0836222
0,0.0508249,-0.0678785
0,0.10575,-0.0485378
0,0.0849513,-0.0316022
0,0.0211001,-0.0248291
-0.00135905,-0.0359768,-0.0457777
0.0055104,-0.0425473,-0.123856
0.0288747,0.00790209,-0.236626
0.0735195,0.0724474,-0.30751
0.136863,0.107949,-0.267828
0.186261,0.108301,-0.0935608
0.187621,0.0700007,0.154014
0.131353,0.00679821,0.368419
0.0446443,-0.0480003,0.468628
-0.044983,-0.0622988,0.445864
-0.128982,-0.0504265,0.343939
-0.185248,-0.0495255,0.217072
-0.186599,-0.0804243,0.0947086
-0.136864,-0.138174,-0.0165692
-0.0721602,-0.18585,-0.103134
-0.0340461,-0.1862,-0.135799
-0.0367573,-0.13675,-0.102941
-0.0745326,-0.0734494,-0.0334921
-0.136524,-0.0284481,0.027857
-0.186261,-0.00790239,0.0344231
-0.186262,-0.00110149,-0.0244723
-0.136863,0.000350476,-0.108748
-0.0735191,-0.00135005,-0.146192
-0.0298947,0.00545025,-0.0963871
-0.00237296,0.028776,0.0164578
0.0278605,0.0749994,0.141267
0.0752191,0.131301,0.217024
0.131353,0.157201,0.209543
0.157385,0.112775,0.143079
0.112743,0,0.0680603
-0.00135925,-0.112776,0.0139179
-0.107231,-0.15755,-0.00968926
-0.128849,-0.128851,-0.00946456
-0.0554626,-0.0725482,0.00298325
0.0643558,-0.0301236,0.0116808
0.157387,-0.00110209,0.00688031
0.178379,0.0222489,-0.0132665
0.13585,0.0450013,-0.0393629
0.0738583,0.0619493,-0.0527628
0.0285357,0.0562493,-0.0490315
0.00788259,0.0233501,-0.0314183
0.00101313,-0.00479907,-0.00605176
-0.000338883,-2.98024e-07,0.0192881
0,0.00444889,0.0335138
0,-0.0205484,0.0338342
0,-0.0562496,0.0253859
0,-0.0647504,0.0116655
0,-0.0446508,-0.0153976
0,-0.0205493,-0.0603425
0,-0.00815094,-0.105328
0,0.00534952,-0.124298
0,0.0237009,-0.10982
0,0.0446508,-0.0727761
0,0.0632993,-0.0271565
0,0.049449,0.0146623
0,-2.98024e-07,0.0440423
0,-0.0494498,0.0601261
0,-0.0632984,0.0684953
0,-0.0450013,0.0656946
0,-0.0205493,0.046473
0,-0.0068009,0.0153435
0,-0.00145078,-0.017843
0,0.000350476,-0.0403195
0,0,-0.0414931
0,0,-0.0230535
0,0,0.00064022
0,0,0.01394
0,0,0.0109865
0,0,-0.002601
0,0,-0.0149583
0,0,-0.015576
0,0,-0.00126676
0,0,0.0220893
0,0,0.0437266
0,0,0.0563733
0,0,0.0534375
0,0,0.0301335
0,0,-0.0117415
0,0,-0.0561475
0,0,-0.0792266
0,0,-0.0749481
0,0,-0.0511386
0,0,-0.019076
0,0,0.0101915
0,0,0.0310237
0,0,0.043011
0,0,0.0442721
0,0,0.031878
0,0,0.0044205
0,0,-0.035018
0,0,-0.0721851
0,0,-0.0894781
0,0,-0.0784061
0,0,-0.0462343
0,0,-0.01119
0,-0.00135005,0.0146832
0,0.00545025,0.031456
0,0.028776,0.0423813
0,0.0749994,0.0529538
0.00135905,0.131301,0.0583508
-0.00686946,0.157201,0.0483606
-0.0233643,0.112775,0.0171203
-0.0446445,0,-0.0204381
-0.0647029,-0.112776,-0.03716
-0.0425286,-0.15755,-0.030544
0.0220053,-0.128851,-0.0143683
0.099553,-0.0725482,0.00144101
0.155562,-0.0287736,0.0196278
0.167901,-0.00790239,0.0534435
0.158876,-0.00110149,0.107746
0.138222,0.000350476,0.15396
0.0953946,0,0.161015
0.0180218,0,0.130734
-0.0839983,0,0.0897896
-0.164595,0,0.0659738
-0.17973,-0.00135005,0.0692829
-0.134152,0.00545025,0.0921338
-0.0793687,0.030151,0.116897
-0.0574105,0.0679988,0.12577
-0.0814021,0.10795,0.114787
-0.137876,0.112753,0.0942313
-0.185922,0.049451,0.0704473
-0.186262,-0.049451,0.0444721
-0.136863,-0.112753,0.0184512
-0.0735191,-0.1083,-0.00322571
-0.0285357,-0.065547,-0.0163564
-0.007883,-0.0273502,-0.0228994
-0.00101401,-0.00825167,-0.0283719
0.00033902,-0.00245154,-0.0364059
-0.00135899,0.00715078,-0.0459038
0.00686906,0.0219754,-0.0538318
0.0233646,0.0502763,-0.0550893
0.0446463,0.0936506,-0.0495776
0.0633436,0.115872,-0.0422532
0.0493973,0.1134,-0.0371945
-4.65662e-09,0.0936747,-0.0372243
-0.0493973,0.0525737,-0.0380088
-0.0633436,0.0189769,-0.0336383
-0.0449853,0.00824929,-0.0224777
-0.0206525,0.00777365,-0.00793743
-0.00686905,0.0205025,0.00740555
-0.00135301,0.0477747,0.0278763
0.00033902,0.0628481,0.0415307
1.86265e-08,0.048126,0.036637
1.86265e-08,-0.00519962,-0.00973812
1.86265e-08,-0.06645,-0.0829127
1.86265e-08,-0.0870998,-0.134317
1.86265e-08,-0.0618747,-0.13946
1.86265e-08,-0.000349582,-0.0865825
1.86265e-08,0.0633234,-0.00806908
1.86265e-08,0.0942505,0.05636
1.86265e-08,0.0838498,0.0745565
1.86265e-08,0.0519759,0.0432669
-0.00135899,0.0221753,-0.00955125
0.00551006,0.00644804,-0.0606783
0.0288746,0.00124931,-0.0977428
0.0735208,-0.00032425,-0.123202
0.136865,0,-0.143138
0.187619,0.00134975,-0.142988
0.18075,-0.00544787,-0.102108
0.107989,-0.030151,-0.0373433
2.32831e-09,-0.0666261,0.0301858
-0.108328,-0.1136,0.0960975
-0.178379,-0.141524,0.138793
-0.185248,-0.124224,0.132004
-0.137202,-0.0820512,0.073888
-0.0735191,-0.0446234,0.00487141
-0.0285357,-0.00312597,-0.0278811
-0.007883,0.0602729,-0.0116394
-0.00237301,0.112875,0.0556656
0.00584906,0.0867007,0.166833
0.0288746,-0.0371245,0.274079
0.0748801,-0.183326,0.310153
0.129994,-0.25855,0.247884
0.164254,-0.219799,0.114278
0.134748,-0.070324,-0.0344805
0.0501557,0.1073,-0.157681
-0.0191647,0.197574,-0.236264
-0.0403193,0.176125,-0.254899
-0.0223506,0.094851,-0.242573
-0.00229226,0.0376749,-0.250663
-0.0194565,0.0505496,-0.291662
-0.0576193,0.103249,-0.316125
-0.071064,0.134049,-0.285347
-0.0654598,0.11495,-0.241982
-0.0669888,0.0683261,-0.220665
-0.0793001,0.0215519,-0.186629
-0.0605456,-0.0191769,-0.083082
0.0117522,-0.0793234,0.0960559
0.128083,-0.160624,0.304099
0.259988,-0.232176,0.471407
0.347807,-0.24405,0.525606
0.328217,-0.157401,0.446419
0.211742,0,0.278567
0.0921287,0.157727,0.0908151
0.0281971,0.2418,-0.0563588
-0.00699628,0.230049,-0.136407
-0.077005,0.157827,-0.153767
-0.17083,0.080424,-0.13667
-0.240485,0.0298751,-0.114091
-0.261347,0.00757457,-0.0893673
-0.229553,0.00224859,-0.0455475
-0.140258,-0.00712217,0.0179403
-0.0161111,-0.0233507,0.0721981
0.0938743,-0.0433007,0.0893751
0.142294,-0.0687487,0.0728558
0.139157,-0.0796012,0.0500598
0.159971,-0.0679738,0.0400269
0.215137,-0.0587008,0.0462973
0.243543,-0.0494498,0.0561575
0.202577,-0.00425101,0.0619733
0.112653,0.0699729,0.0657159
0.0189568,0.119552,0.0712514
-0.0505388,0.109749,0.0779667
-0.116645,0.0651748,0.0793906
-0.17117,0.0275517,0.0704266
-0.197795,0.00959904,0.04929
-0.217459,-0.00589908,0.0227948
-0.236416,-0.023675,-0.00129866
-0.219551,-0.0433007,-0.0217771
-0.144745,-0.0700987,-0.0453511
-0.0701169,-0.0728006,-0.0757615
-0.0488518,-0.0446505,-0.0998534
-0.0641493,-0.0138521,-0.104203
-0.0670678,0.0138518,-0.0941115
-0.0374365,0.0463513,-0.0864968
0.00271201,0.0645486,-0.0903997
0.0364163,0.0413254,-0.0914528
0.0688598,-0.0271976,-0.0516025
0.0731008,-0.117901,0.0216555
0.0446463,-0.173751,0.0727327
0.0139463,-0.154597,0.0755135
-0.0139463,-0.0679243,0.0396817
-0.0449851,0.0288967,-0.0141692
-0.0700518,0.0553489,-0.0502776
-0.0702126,-0.0334245,-0.0376591
-0.0463363,-0.181826,0.00557527
-0.0203138,-0.269799,0.0323515
-0.00686905,-0.221048,0.0306087
-0.00135301,-0.0669006,0.0193586
-0.00101999,0.0921995,0.0107317
0.00551006,0.172825,0.0116495
0.0302338,0.1712,0.0118865
0.0666498,0.143175,0.000731257
0.114859,0.101574,-0.0215686
0.134749,0.0523502,-0.0415043
0.0995516,0.0149763,-0.0515702
0.0428193,-0.0142023,-0.0614068
0.0101755,-0.0450001,-0.0774814
0.0298948,-0.071348,-0.0961013
0.0657169,-0.063299,-0.103931
0.0665205,-0.024449,-0.100914
0.0101387,0.0298748,-0.0883011
-0.0850093,0.0868497,-0.0496245
-0.164255,0.114624,0.016342
-0.179732,0.115099,0.0683915
-0.135512,0.0866763,0.0755783
-0.0752168,0.0292257,0.0515633
-0.0230258,-0.0254759,0.0191042
0.0209915,-0.0550762,-0.0175725
0.0725069,-0.0416753,-0.0630846
0.137204,0.0205279,-0.113093
0.18626,0.0956742,-0.144798
0.18626,0.132947,-0.128778
0.138223,0.115301,-0.0631774
0.0680089,0.066951,0.00801206
-0.000338876,0.0272024,0.0358753
-0.0656369,0.00824929,0.0309565
-0.137209,0.000898839,0.0396281
-0.18109,0.0010255,0.0751758
-0.157387,-0.00544787,0.0996336
-0.0633435,-0.028776,0.0689429
0.0647026,-0.0750021,0.000918527
0.152216,-0.131297,-0.0355635
0.149504,-0.157201,-0.00877401
0.0623297,-0.112775,0.0497288
-0.063005,-2.98024e-07,0.0895916
-0.157724,0.112776,0.0727209
-0.178379,0.157551,-0.00666176
-0.135851,0.128849,-0.101133
-0.0752168,0.0725252,-0.145527
-0.0230258,0.0289762,-0.119794
0.0209915,0.00654877,-0.0597708
0.0725069,0.00634909,-0.0172155
0.137204,0.0284517,-0.0151033
0.18626,0.0736243,-0.0294303
0.184901,0.1383,-0.0187052
0.142374,0.180527,0.0191605
0.105112,0.157399,0.05445
0.0896752,0.0635246,0.0593371
0.0925066,-0.0621737,0.0299945
0.0691105,-0.163174,-0.00273302
-0.0142847,-0.207051,0.0016283
-0.100155,-0.209476,0.0324396
-0.107231,-0.2107,0.0441798
-0.0300547,-0.214623,0.028965
0.0712264,-0.19545,0.00737803
0.155684,-0.132401,-0.0118723
0.193182,-0.0443003,-0.034473
0.163242,0.0449759,-0.05406
0.0650356,0.129026,-0.0482973
-0.0636826,0.185273,-0.00121029
-0.157726,0.186525,0.0577638
-0.178379,0.1381,0.0884971
-0.13585,0.0679988,0.0594801
-0.0738583,-0.000325442,-0.0322785
-0.0285357,-0.0657258,-0.12784
-0.00788259,-0.137199,-0.16606
-0.00101313,-0.1809,-0.125182
0.000338883,-0.157224,-0.0426378
0,-0.0633234,0.0318325
0,0.0633231,0.0823818
0,0.157549,0.0933511
-0.00135905,0.179651,0.0583027
0.0055104,0.1304,-0.00244527
0.0302337,0.0449759,-0.051206
0.068009,-0.0449762,-0.0455463
0.107988,-0.130401,0.0217368
0.114102,-0.179651,0.103729
0.0438867,-0.157549,0.139527
-0.0782736,-0.0633234,0.105322
-0.187619,0.0646732,0.035134
-0.238321,0.152124,-0.00687101
-0.229892,0.149325,0.00188501
-0.16227,0.062224,0.0465623
-0.0597353,-0.0629742,0.0799733
0.0250205,-0.157548,0.0765476
0.0640213,-0.1783,0.0498115
0.0656381,-0.135851,0.0244088
0.0725049,-0.0737748,0.0344969
0.0922179,-0.0297982,0.0670131
0.102265,-0.00245214,0.0846021
0.0850104,0.0276745,0.0643731
0.051514,0.0739748,0.0236915
0.0220052,0.136926,-0.00611428
0.00788963,0.186175,-0.024813
-0.0068765,0.187549,-0.050693
-0.0168337,0.129952,-0.0685376
-0.0226393,0.0500986,-0.0514061
-0.013189,-0.0148526,0.00172327
0.0441798,-0.0608498,0.0715258
0.117407,-0.0771246,0.114726
0.157387,-0.0739748,0.0942661
0.126688,-0.0874765,0.0207458
0.0310368,-0.122877,-0.0461733
-0.073728,-0.141199,-0.0522841
-0.126525,-0.1162,0.00737374
-0.113845,-0.0679985,0.0935667
-0.0673277,-0.0201994,0.154405
-0.0271838,0.0150988,0.157515
-0.00822147,0.0435493,0.109033
-0.00101313,0.0636486,0.0426168
0.00169793,0.049449,-0.0142664
-0.00686946,-0.00137538,-0.055718
-0.0233643,-0.0424493,-0.0885977
-0.0446445,-0.0413227,-0.107366
-0.0633439,0.00509739,-0.103444
-0.0493981,0.071551,-0.0721443
-1.16415e-09,0.117426,-0.0163017
0.0493981,0.130049,0.0384462
0.0647029,0.106925,0.0640136
0.039473,0.0549001,0.0564335
-0.00822138,-0.0162,0.0350696
-0.06665,-0.0598509,0.00231009
-0.13687,-0.027799,-0.0464948
-0.18109,0.0558991,-0.0965078
-0.156028,0.1142,-0.127666
-0.0688535,0.109299,-0.133087
0.034469,0.0601,-0.112915
0.0842051,-0.00142455,-0.0672508
0.041516,-0.0653753,-0.0080018
-0.0504093,-0.135824,0.0414092
-0.112404,-0.186525,0.0647586
-0.108329,-0.1862,0.0677061
-0.0669948,-0.13675,0.0625535
-0.0220118,-0.0734494,0.0508973
0.0206526,-0.0284481,0.0312048
0.0725069,-0.00790239,0.0137237
0.137204,-0.00110149,0.00632348
0.18626,0.000350476,0.00166959
0.187619,0,-0.00315776
0.131353,0,0.0058922
0.0460037,0,0.0333783
-0.0504941,0,0.0513624
-0.157855,0,0.0325035
-0.258767,0,-0.0200353
-0.323464,0,-0.0804853
-0.324484,0,-0.116261
-0.254271,0,-0.108361
-0.136524,0,-0.0717739
-0.007881,0,-0.0391888
0.107313,0,-0.0259953
0.177357,0,-0.0193042
0.19076,0,-0.00576125
0.166078,0,0.0136163
0.147038,0,0.0336445
0.165399,0,0.0591705
0.194143,0,0.0894094
0.187274,0,0.107219
0.136525,0,0.0984341
0.0735193,0,0.0628525
0.0285357,0,0.0156398
0.00788259,0,-0.0274162
0.00101313,0,-0.0509416
-0.000338883,0,-0.049698
0,0,-0.0305318
0,0,-0.0100438
0,0,-0.000681766
0,0,0.00322683
0,0,0.0120905
0,0,0.0315232
0,0,0.0573969
0.00135905,-0.00135005,0.0807394
-0.00686946,0.0068003,0.0924693
-0.0220052,0.0219754,0.083419
-0.0501549,0.0516513,0.0501118
-0.0922186,0.085275,0.000161473
-0.122917,0.0995226,-0.0577567
-0.136863,0.0923006,-0.115564
-0.136863,0.0734243,-0.152766
-0.122918,0.0734512,-0.150334
-0.0918793,0.0917763,-0.111882
-0.0528663,0.102149,-0.0577563
-0.0216668,0.0849489,-0.0125735
-0.00788905,0.0516266,0.00778626
0.00415703,0.0221753,-0.00347327
0.0305728,0.00644804,-0.0406855
0.0680088,0.00124931,-0.0853249
0.10799,-0.00032425,-0.116664
0.112743,0,-0.100037
0.049397,0,-0.0155903
-0.049397,0,0.118062
-0.112743,0,0.245563
-0.108329,0,0.300994
-0.0669948,0,0.260505
-0.0220118,0,0.161085
0.0206526,0,0.0645045
0.0725069,0,0.00543291
0.137204,0,-0.014262
0.18626,0,-0.0122074
0.18626,0,-0.0071537
0.136864,0,-0.00830469
0.0731804,0.1439,0.0468436
0.0312468,-1.0073,-0.431674
