root------------
com: 0,-0.200025,0 mass: 33.7463
root spatial inertia
2.35019       0       0       0      -0 -6.7501
      0       1       0       0       0      -0
      0       0 2.35019  6.7501       0       0
      0       0  6.7501 33.7463       0       0
     -0       0       0       0 33.7463       0
-6.7501      -0       0       0       0 33.7463
neck------------
com: 0,0.100013,0 mass: 5.4999
neck spatial inertia
  1.05501         0         0         0        -0  0.550059
        0         1         0         0         0        -0
        0         0   1.05501 -0.550059         0         0
        0         0 -0.550059    5.4999         0         0
       -0         0         0         0    5.4999         0
 0.550059        -0         0         0         0    5.4999
head------------
com: 0,0,0 mass: 1
head spatial inertia
 1  0  0  0 -0  0
 0  1  0  0  0 -0
 0  0  1 -0  0  0
 0  0 -0  1  0  0
-0  0  0  0  1  0
 0 -0  0  0  0  1
torso------------
com: 0,0,0 mass: 1
torso spatial inertia
 1  0  0  0 -0  0
 0  1  0  0  0 -0
 0  0  1 -0  0  0
 0  0 -0  1  0  0
-0  0  0  0  1  0
 0 -0  0  0  0  1
lshoulder------------
com: 0.0872109,0,0 mass: 1.9012
lshoulder spatial inertia
        1         0         0         0        -0         0
        0   1.01446         0         0         0 -0.165805
        0         0   1.01446        -0  0.165805         0
        0         0        -0    1.9012         0         0
       -0         0  0.165805         0    1.9012         0
        0 -0.165805         0         0         0    1.9012
lelbow------------
com: 0.0860108,0,0 mass: 1.0864
lelbow spatial inertia
         1          0          0          0         -0          0
         0    1.00804          0          0          0 -0.0934421
         0          0    1.00804         -0  0.0934421          0
         0          0         -0     1.0864          0          0
        -0          0  0.0934421          0     1.0864          0
         0 -0.0934421          0          0          0     1.0864
lwrist------------
com: 0.0506066,0,0 mass: 0.4074
lwrist spatial inertia
         1          0          0          0         -0          0
         0    1.00104          0          0          0 -0.0206171
         0          0    1.00104         -0  0.0206171          0
         0          0         -0     0.4074          0          0
        -0          0  0.0206171          0     0.4074          0
         0 -0.0206171          0          0          0     0.4074
lhand------------
com: 0,0,0 mass: 1
lhand spatial inertia
 1  0  0  0 -0  0
 0  1  0  0  0 -0
 0  0  1 -0  0  0
 0  0 -0  1  0  0
-0  0  0  0  1  0
 0 -0  0  0  0  1
rshoulder------------
com: -0.0872109,0,0 mass: 1.9012
rshoulder spatial inertia
        1         0         0         0        -0         0
        0   1.01446         0         0         0  0.165805
        0         0   1.01446        -0 -0.165805         0
        0         0        -0    1.9012         0         0
       -0         0 -0.165805         0    1.9012         0
        0  0.165805         0         0         0    1.9012
relbow------------
com: -0.0860108,0,0 mass: 1.0864
relbow spatial inertia
         1          0          0          0         -0          0
         0    1.00804          0          0          0  0.0934421
         0          0    1.00804         -0 -0.0934421          0
         0          0         -0     1.0864          0          0
        -0          0 -0.0934421          0     1.0864          0
         0  0.0934421          0          0          0     1.0864
rwrist------------
com: -0.0506066,0,0 mass: 0.4074
rwrist spatial inertia
         1          0          0          0         -0          0
         0    1.00104          0          0          0  0.0206171
         0          0    1.00104         -0 -0.0206171          0
         0          0         -0     0.4074          0          0
        -0          0 -0.0206171          0     0.4074          0
         0  0.0206171          0          0          0     0.4074
rhand------------
com: 0,0,0 mass: 1
rhand spatial inertia
 1  0  0  0 -0  0
 0  1  0  0  0 -0
 0  0  1 -0  0  0
 0  0 -0  1  0  0
-0  0  0  0  1  0
 0 -0  0  0  0  1
