rootX,rootY,rootZ
-0.396966,23.4198,9.97342
0.303321,18.0537,7.37593
0.64741,-4.41902,-2.30632
0.685628,2.10287,0.0874976
0.197837,2.28103,-0.220463
-1.11075,1.84458,-0.279658
-2.04206,0.880336,-0.263752
-1.62807,0.00175245,-0.307066
-0.512388,-0.896589,-0.173849
0.559389,-1.80467,0.168531
1.17384,-2.22337,0.698569
0.996269,-1.81014,1.26685
-0.201568,-0.97311,1.68054
-1.39769,-0.360935,1.17231
-0.893978,-0.0937076,-0.760719
0.376627,0.00514538,-2.18661
0.556003,-0.0318945,-1.2958
-0.031102,0.0362546,0.680314
-0.0676718,0.41846,1.30382
0.515856,1.01436,0.402623
0.843152,1.75279,-0.144476
0.563528,1.81986,0.312038
0.342345,0.363287,0.884497
0.47963,-1.75885,0.793632
0.562721,-3.18644,0.0206734
0.721111,-2.98939,-0.762604
0.575149,-1.1124,-1.05127
-0.0170941,0.618453,-0.900193
0.045315,0.740147,-0.570951
0.871347,0.0595004,-0.310375
0.931501,-0.049206,-0.281389
-0.502963,0.505486,-0.486461
-2.26784,0.798257,-0.705872
-3.15579,0.689275,-0.718304
-2.74195,0.641194,-0.406968
-1.18553,0.691271,0.180435
0.72636,0.660368,0.801962
1.86082,0.221417,1.15095
1.72991,-0.648459,1.06075
0.972254,-1.06212,0.688901
0.36579,-0.336504,0.355325
0.0931011,0.28657,0.146653
0.00057295,-0.281335,-0.0588309
-0.00931511,-1.04809,-0.260001
0.000847505,-0.762292,-0.396139
-8.88179e-15,0.232041,-0.412295
-8.88179e-15,0.760397,-0.284142
-8.88179e-15,0.598776,-0.144011
-8.88179e-15,0.269444,-0.0744593
-8.88179e-15,0.0916304,-0.0673451
-8.88179e-15,0.0120402,-0.126906
-8.88179e-15,-0.0106394,-0.131881
-8.88179e-15,0.00087619,0.0061297
-8.88179e-15,0,0.20114
0.00339752,0,0.337064
-0.0409553,0,0.353707
0.0380145,0,0.200399
0.420869,0,-0.139915
1.01466,0,-0.609912
1.70793,0,-1.17952
1.86132,0,-1.68264
0.829555,0,-1.74217
-0.829559,0,-1.1308
-1.86051,0,-0.124226
-1.72402,0,0.624891
-0.932151,0,0.823286
-0.400431,0,0.718224
-0.554924,0,0.578663
-0.97716,0,0.545981
-1.27771,0,0.57698
-0.847605,0,0.666492
0.878278,-0.00337437,1.0689
2.691,0.0439898,1.47184
2.69015,-0.0742064,0.989705
0.890986,-0.42301,-0.245976
-0.887424,-0.558372,-1.33057
-1.35479,-0.277301,-2.1037
-0.880022,0.904996,-2.34773
-0.365252,2.70181,-1.93862
-0.1024,3.09554,-1.4669
0.000291099,0.846953,-0.922125
0.00931049,-2.67186,0.0548082
-0.000847208,-4.5091,1.32649
0,-3.11822,2.05895
0,0.00144392,1.86792
0,2.41824,1.26736
0,3.32658,0.645404
0,2.83966,0.405548
0,1.20627,0.949937
0,-0.737697,2.00266
0,-1.86347,2.438
0,-1.72503,1.51594
0,-0.970001,-0.136268
0,-0.370617,-1.33319
0,-0.0929357,-1.62924
0,0.00177622,-1.33861
0,0.00877978,-0.936071
0,-0.000816585,-0.693034
-0.00339763,-0.00337512,-0.490751
0.0409571,0.0406266,-0.213077
-0.0346238,-0.0370652,0.195001
-0.465231,-0.41846,0.795688
-0.935647,-1.01779,1.34096
-1.32504,-1.71118,1.67432
-1.26764,-1.85752,1.68087
-0.136327,-0.827676,0.881579
0.983087,0.829855,-0.626783
0.828752,1.86069,-1.72986
0.0614215,1.72367,-1.70622
-0.0578244,0.924466,-1.01198
0.505703,0.484065,-0.33446
0.840601,0.398667,0.0889088
0.604483,0.215272,0.193109
0.30433,0.0872278,-0.169663
0.0553637,-0.537116,-0.736536
-0.41099,-1.18509,-1.02934
-1.02479,-0.630799,-1.26386
-1.70364,0.631523,-1.85251
-1.90236,1.17137,-2.33844
-0.791572,0.603038,-1.78647
1.24711,-0.135994,-0.126377
2.91608,-0.331662,1.55003
3.39048,-0.186174,2.30662
2.41357,-0.0825913,2.1511
0.180791,-0.0175983,1.6659
-2.44438,0.0104189,1.50167
-3.71795,-0.000810625,1.54591
-2.60384,0,1.03546
-0.0603274,0,-0.176347
1.83658,0,-1.31666
2.25594,0,-1.68544
2.12765,0,-1.27564
1.50513,0,-0.518638
0.347543,0,0.0792138
-0.808472,0,0.345914
-1.95954,0,0.49255
-2.51216,0,0.604098
-1.52176,0,0.549376
0.730914,-0.00337437,0.273748
2.86807,0.0439898,-0.0672877
3.30869,-0.0775816,-0.412489
1.71943,-0.382383,-0.618033
-0.477888,-0.595437,-0.642111
-1.71286,-0.692323,-0.78629
-1.79988,-0.154364,-0.502382
-1.36534,1.03072,0.457252
-0.958724,1.66151,1.155
-0.786321,1.02646,0.9606
-0.154013,-0.0997307,0.0556494
1.04108,-0.785363,-0.821757
1.65833,-1.02791,-1.18349
1.03093,-1.28647,-1.2488
-0.139921,-1.8027,-1.29928
-0.750858,-1.86945,-0.894702
-0.566344,-0.817093,0.315353
-0.310784,0.828937,1.56876
-0.513396,1.86069,1.8771
-1.02448,1.7203,1.36404
-1.69773,0.971819,0.822037
-1.85884,0.362433,0.579385
-0.87058,0.0939371,0.656759
0.867642,0.00227392,0.980894
2.28142,-0.00976326,1.18976
2.73521,0.00087619,0.909508
2.68102,0,0.248554
2.22719,0,-0.504077
0.922636,0,-1.27996
-0.829016,0,-1.89084
-1.86978,0,-1.99727
-1.71978,0,-1.42023
-0.973162,0.00337512,-0.42389
-0.365822,-0.0406266,0.321521
-0.0930609,0.0370652,0.384793
-0.000541658,0.41846,-0.188029
0.00930617,1.01779,-0.953445
-0.000846946,1.70782,-1.1459
-8.88179e-15,1.90145,-0.330148
-8.88179e-15,0.750013,0.777256
-8.88179e-15,-1.21214,1.23799
-8.88179e-15,-2.45607,0.899867
-8.88179e-15,-2.41272,0.163088
-8.88179e-15,-1.12618,-0.0180941
-8.88179e-15,0.668332,0.58067
-8.88179e-15,1.56757,0.910612
-8.88179e-15,1.02419,0.354317
-8.88179e-15,-0.0899675,-0.404751
-8.88179e-15,-0.786239,-0.662487
0.00339752,-1.02791,-0.56743
-0.0443528,-1.28647,-0.598256
0.0823671,-1.8027,-0.862288
0.3419,-1.86945,-0.731525
0.631802,-0.817093,0.0445519
1.11414,0.828937,0.941489
1.16806,1.86069,1.26759
0.676121,1.7203,0.773929
0.202198,0.971819,0.180761
-0.201304,0.362433,0.118198
-0.689687,0.0939371,0.462418
-1.11305,0.00227392,0.686062
-1.1133,-0.00976326,0.3106
-0.700392,0.00087619,-0.498211
-0.273273,0,-1.07565
-0.0832236,0,-0.999939
-0.0107138,0,-0.413481
0.0101577,0,0.224871
-0.000847208,0.00337512,0.503102
0,-0.0406266,0.350351
0,0.0370652,-0.0825105
0,0.41846,-0.489467
0,1.01435,-0.560467
0,1.75275,-0.332116
0,1.81743,0.0138754
0,0.404202,0.41444
0,-1.84051,0.7606
0,-3.56226,0.734973
0,-3.62361,0.123704
0,-1.72,-0.62935
0,0.843447,-0.728229
0,2.35505,-0.0865804
0,2.41539,0.637342
0,1.13899,0.842197
0,-0.670099,0.507195
0,-1.56756,0.0240538
0,-1.02755,-0.439735
0,0.130581,-0.981976
0,0.749236,-1.43057
0,0.609389,-1.26416
0,0.268592,-0.36274
0,0.0916542,0.690839
0,0.0120133,1.13313
0,-0.0106365,0.865935
0,0.00087619,0.534821
0,0,0.658878
0,0,1.07506
0,0,1.08956
0,0,0.491249
0,0,-0.293708
0,0,-0.918539
0,0,-1.22995
0,0,-1.1894
0,0,-0.788429
0,0,-0.174106
0,0,0.220937
0,0,0.324339
0,0,0.353748
0,0,0.227422
0,0,-0.0551504
0,0,-0.337979
-0.00339763,0,-0.445724
0.0409571,0,-0.291709
-0.0346238,0,-0.0910024
-0.461834,0,0.00642273
-0.980001,0,0.0727325
-1.24266,0,0.0913837
-0.929134,0,0.22655
0.536415,0,0.737294
2.05921,0.00337512,1.27583
1.57594,-0.0406266,1.14158
-0.277082,0.0336275,0.284584
-1.56013,0.463463,-0.565451
-1.60135,0.936094,-0.649313
-0.599681,1.3288,0.0121079
0.707282,1.26625,0.53231
1.60433,0.129885,0.0182841
1.81031,-0.939495,-1.34412
0.818834,-0.860125,-2.12897
-0.68042,-0.566823,-1.40901
-1.19313,-0.840099,0.0328895
-0.426443,-1.41333,0.985325
0.82645,-1.09064,1.39926
0.860856,0.966241,1.75333
-0.386461,2.57533,1.67747
-0.965564,1.6091,0.629944
0.0762313,-0.856687,-0.98162
1.85764,-2.29245,-2.09834
2.59875,-1.81185,-2.17707
1.43774,-0.784435,-1.2861
-0.556918,0.0485637,0.266561
-1.76797,0.789911,1.5051
-1.71073,0.695273,1.23521
-0.983271,-0.623483,-0.53284
-0.36496,-1.5888,-2.3399
-0.0930902,-0.565606,-2.62619
-0.000556089,1.93254,-0.878208
0.00931049,3.45793,1.62505
-0.000847208,2.40736,3.08848
0,0.206758,3.08868
0,-1.10144,2.33024
0,-0.988193,1.46224
0,-0.317268,0.37165
0,-0.641024,-1.07611
0,-2.1782,-2.11765
-0.00339763,-3.3333,-1.88236
0.0409571,-2.42262,-0.883806
-0.0414191,0.287542,-0.297334
-0.379919,2.86375,-0.138171
-1.04925,3.31611,0.304211
-2.16972,1.075,0.956833
-2.83797,-1.58893,1.17117
-2.11663,-1.85383,0.846216
-0.01716,0.168392,0.274407
2.7388,2.17351,-0.369914
4.41161,2.19164,-0.781183
3.66327,0.00657444,-0.825827
1.25674,-2.32896,-0.633057
-0.79431,-2.58542,-0.243593
-1.35418,-0.928681,0.221277
-0.889386,0.916189,0.516479
-0.364441,1.77702,0.330194
-0.102367,1.89569,-0.36893
0.000305288,2.07153,-1.11969
0.00930617,1.96109,-1.58051
-0.000846946,0.829008,-1.53366
-8.88179e-15,-0.839475,-0.701891
-8.88179e-15,-1.86083,0.645955
-8.88179e-15,-1.71623,1.93786
-8.88179e-15,-0.970878,2.72618
-8.88179e-15,-0.370669,2.55978
-8.88179e-15,-0.0928344,1.27925
-8.88179e-15,0.00177026,-0.614032
-8.88179e-15,0.0087321,-2.01433
0.00339752,-0.000810625,-2.03078
-0.0409553,0,-0.926556
0.0380145,-0.00337437,0.211787
0.420869,0.0439898,0.538494
1.01466,-0.0810193,0.0523617
1.70453,-0.340755,-0.630325
1.90567,-0.636509,-1.06235
0.750577,-1.11177,-1.0875
-1.21582,-1.16407,-0.612255
-2.4133,-0.678117,-0.0115472
-2.4519,-0.240488,0.142626
-1.54746,0.240303,-0.0457405
-0.348651,1.10767,-0.028172
-0.141795,2.1311,0.464644
-0.831037,2.81811,1.29533
-0.960176,2.55968,1.91241
0.081276,1.10669,1.55102
1.25319,-0.748852,0.24337
1.44791,-1.85285,-0.977325
0.880573,-1.72586,-1.2627
0.355903,-0.970064,-0.752115
0.103263,-0.370669,-0.147794
-0.000274461,-0.0928344,0.148028
-0.00931511,0.00177026,0.158324
0.000847505,0.0087321,0.0338665
-8.88179e-15,-0.004185,-0.0731947
-0.00339751,0.0406147,0.0616969
0.0443526,-0.0335798,0.388001
-0.0789682,-0.460013,0.384601
-0.382865,-0.974446,0.038404
-0.590353,-1.3317,-0.372584
-0.734216,-0.769112,-0.54523
-0.115458,1.25874,0.0432683
1.45265,3.28765,0.981426
2.67379,3.38371,1.0753
2.73545,1.04395,-0.0663531
1.76584,-1.9238,-1.17251
0.00308698,-2.97465,-1.10158
-1.81976,-1.94401,-0.469624
-2.72698,-0.646506,-0.41366
-2.50641,-0.372041,-1.11368
-1.13645,-1.09911,-1.41874
0.676115,-1.58005,-0.539106
1.56527,-0.736913,0.61189
1.03037,0.841803,1.03528
-0.130617,1.85346,0.856068
-0.748339,1.68055,0.591907
-0.6073,1.00888,0.571211
-0.272719,0.780893,0.821575
-0.0925338,1.11173,1.14203
-0.0098666,1.71347,1.25261
0.0101577,1.84769,0.810164
-0.000847208,0.828532,-0.089762
0,-0.829741,-0.665039
0,-1.86171,-0.381387
0,-1.71623,0.330783
0,-0.970878,0.484263
0,-0.370669,-0.176791
0,-0.0928344,-0.922361
0,0.00177026,-1.09519
0,0.0087321,-0.600907
0,-0.000810625,0.262525
0,0,0.836209
0,0,0.669089
0,0,0.181599
0,0,-0.155421
0,0,-0.116418
0,-0.00337437,0.149278
0,0.0406147,0.023891
0,-0.0370175,-0.624363
0,-0.418447,-1.25617
0,-1.01446,-1.41615
-0.00339763,-1.75268,-1.12378
0.0409571,-1.81733,-0.605608
-0.0380214,-0.404279,0.121011
-0.420876,1.8371,0.876292
-1.01463,3.60626,1.35871
-1.70789,3.54258,1.76034
-1.86137,1.37916,2.14634
-0.829629,-1.47888,2.27414
0.826213,-3.4718,1.74726
1.9015,-3.57638,0.383473
1.68258,-1.81132,-1.28056
0.552224,0.460936,-2.50031
-0.648838,1.76775,-2.81041
-1.61478,1.72207,-2.11176
-1.85742,0.980575,-0.774792
-0.879895,0.36162,0.545936
0.868489,0.0939371,1.32944
2.28142,0.00227392,1.23918
2.73521,-0.00638814,0.521216
2.68442,-0.0431255,-0.149314
2.18283,0.0810677,-0.410526
1.00164,0.33738,-0.648811
-0.446141,0.677022,-1.16409
-1.27611,1.07574,-1.60245
-1.02652,0.741579,-1.57251
-0.816212,-0.337339,-0.446148
-1.43856,-1.50304,1.4608
-1.71426,-2.05931,2.53039
-0.61058,-1.55762,1.74611
1.16384,-0.244463,-0.425143
2.45454,1.165,-2.40411
2.46866,2.03283,-2.4174
1.10232,2.40715,-0.334487
-0.73704,2.14612,1.84524
-1.85066,0.911722,2.3632
-1.73077,-0.821832,1.43146
-0.972261,-1.87128,0.407525
-0.365807,-1.71542,0.0380023
-0.0930902,-0.974252,0.0418407
-0.000556089,-0.330054,-0.0205803
0.00931049,-0.126414,-0.311103
-0.000847208,-0.461681,-0.743846
0,-0.924085,-1.00816
0,-1.3736,-1.03533
0,-1.18853,-0.701368
0,0.249094,0.130136
0,1.57873,1.00979
0,1.48172,1.27456
0,0.25334,0.808133
0,-0.66738,0.151213
0,-0.138761,-0.232556
0,1.51138,-0.120824
0,2.61041,0.231608
0,1.84306,0.307961
0,-0.130869,0.0611598
0,-1.58025,-0.16873
0,-1.59122,-0.182235
0,-1.0431,-0.16041
0,-0.721056,-0.299297
0,-0.72853,-0.666967
0,-1.11,-1.04363
0,-1.15534,-1.00821
0,-0.682303,-0.617994
0,-0.199861,-0.198636
0,0.203238,0.217137
-0.00339763,0.692653,0.656908
0.0409571,1.07167,0.859075
-0.0380214,1.14803,0.769801
-0.417479,1.1217,0.724618
-1.05898,1.28862,0.921353
-1.62892,1.79307,1.39768
-1.4785,1.86696,1.76281
-0.23588,0.861033,1.28217
1.52286,-0.906513,0.0393213
2.01406,-2.24308,-1.21096
0.688819,-2.31572,-2.37747
-0.686116,-1.66421,-3.35578
-0.665115,-0.516798,-3.25644
0.232974,0.936852,-1.57688
0.748073,1.65923,0.682981
0.598033,1.03622,2.00263
0.273527,-0.0972318,2.05917
0.0925302,-0.825927,1.49667
0.00988787,-0.991847,0.798194
-0.0101626,-0.864005,0.045793
0.000847505,-0.783906,-0.534396
-8.88179e-15,-0.166411,-0.634229
-8.88179e-15,1.04136,-0.239562
-8.88179e-15,1.66063,0.240052
-8.88179e-15,1.03327,0.367911
-8.88179e-15,-0.181985,0.200035
-8.88179e-15,-0.707227,-0.0398672
-8.88179e-15,-0.189991,-0.222237
-8.88179e-15,0.740992,-0.26579
-8.88179e-15,1.62061,-0.142248
-8.88179e-15,1.84951,0.123898
-8.88179e-15,0.837285,0.430041
-8.88179e-15,-0.834017,0.634433
-8.88179e-15,-1.82006,0.579262
-8.88179e-15,-1.75736,0.246965
-8.88179e-15,-1.39027,-0.156933
-8.88179e-15,-1.38028,-0.342042
-8.88179e-15,-1.80166,-0.201881
-8.88179e-15,-1.90475,0.120108
-8.88179e-15,-0.736284,0.482444
-8.88179e-15,1.21238,0.644295
-8.88179e-15,2.44452,0.382727
-8.88179e-15,2.45762,-0.157697
-8.88179e-15,1.05602,-0.565724
-8.88179e-15,-1.09225,-0.617278
-8.88179e-15,-2.12586,-0.422717
-8.88179e-15,-1.30166,-0.104919
-8.88179e-15,0.991606,0.353332
-8.88179e-15,3.53223,0.738796
-8.88179e-15,4.03889,0.543684
-8.88179e-15,1.83657,-0.0213772
-8.88179e-15,-1.58539,-0.380376
-8.88179e-15,-4.09731,-0.740039
-8.88179e-15,-4.09873,-1.29869
-8.88179e-15,-2.61144,-1.56848
-8.88179e-15,-0.81671,-0.934245
-8.88179e-15,1.13003,0.45497
-8.88179e-15,2.3592,1.52051
-8.88179e-15,2.1501,1.53525
-8.88179e-15,0.972821,0.707759
-8.88179e-15,-0.0430615,-0.321463
-8.88179e-15,-0.333394,-0.867387
-8.88179e-15,-0.191561,-0.829904
-8.88179e-15,-0.122404,-0.633259
-8.88179e-15,0.0194669,-0.524462
-8.88179e-15,0.425503,-0.442781
-8.88179e-15,1.05417,-0.199573
-8.88179e-15,1.7191,0.285532
-8.88179e-15,1.3574,0.80767
-8.88179e-15,-0.573512,0.941454
-8.88179e-15,-3.12817,0.553266
-8.88179e-15,-4.41247,-0.0776883
-8.88179e-15,-2.70235,-0.507531
-8.88179e-15,0.890655,-0.260581
-8.88179e-15,3.1515,0.473135
-8.88179e-15,2.65735,1.00628
0.00339752,0.832279,1.09229
-0.0409553,-0.373127,0.800885
0.0380145,-0.515372,-0.107379
0.417471,-0.274523,-1.40274
1.05562,-0.100315,-2.40489
1.66988,-0.00711681,-2.73684
1.44043,0.00960829,-1.84715
-0.18499,-0.000810625,0.204089
-2.53747,0,2.13954
-3.72195,-0.00337437,2.55378
-2.55018,0.0406147,1.57768
-0.143463,-0.0370175,0.467409
1.49807,-0.418447,-0.165802
1.58315,-1.0179,-0.643652
1.05154,-1.71112,-0.906123
0.757951,-1.8574,-0.169593
0.686042,-0.827733,1.317
0.693833,0.829814,2.14956
0.144117,1.86069,1.18291
-1.03092,1.7203,-0.878731
-1.65918,0.971819,-1.98235
-1.03092,0.362433,-1.20238
0.143271,0.0939371,0.411898
0.703149,0.00564904,1.18115
0.686318,-0.0503899,0.497823
0.655536,0.0379414,-0.759509
0.686318,0.41846,-1.4927
0.703148,1.01779,-1.59571
0.14327,1.7112,-1.21299
-1.03092,1.85408,-0.66309
-1.65918,0.868271,-0.447359
-1.02752,-0.866771,-0.380278
0.0989182,-2.2801,0.212639
0.785514,-2.73412,1.10995
1.02822,-2.68209,1.21892
1.28734,-2.22806,0.350146
1.80046,-0.917168,-0.863435
1.8712,0.787576,-1.53702
0.819393,1.95053,-0.935868
-0.828711,2.06026,0.61503
-1.86051,1.60726,1.98102
-1.72062,1.47835,2.2805
-0.973108,1.25893,1.49926
-0.365807,0.675547,0.469133
-0.0930902,0.191228,-0.250064
-0.000556089,-0.198353,-0.754867
0.00931049,-0.693761,-0.95117
-0.000847208,-1.07156,-0.583264
0,-1.14448,0.151266
0,-1.16336,0.385334
0,-1.24862,-0.21888
0,-1.36955,-0.986405
0,-0.859661,-1.09135
0,0.883556,-0.423424
0,2.73639,0.286471
0,2.60974,0.5728
0,0.506153,0.578543
0.00339763,-1.47599,0.418924
-0.0409571,-2.04782,-0.0952124
0.0380214,-1.08033,-1.46799
0.420876,0.74921,-3.11026
1.01463,1.94008,-3.11795
1.70789,1.62382,-0.699782
1.85797,0.561835,3.30239
0.870585,-0.594842,6.74702
-0.867624,-1.64019,7.39847
-2.28143,-1.93352,4.94373
-2.73521,-1.08087,1.07408
-2.68102,0.0922853,-2.11542
-2.22719,0.336526,-3.64103
-0.922646,-0.410268,-3.82853
0.825629,-1.43442,-3.55515
1.91077,-1.76682,-3.07467
1.68175,-0.819692,-1.89046
0.552232,0.820176,0.0461505
-0.648821,1.86151,1.71866
-1.61479,1.7203,2.19042
-1.86081,0.971819,1.16213
-0.83894,0.362433,-0.858447
0.830458,0.0973122,-2.4283
1.86394,-0.0383527,-2.10737
1.67964,0.027302,0.144894
1.01112,0.415898,2.62796
0.783261,1.05936,3.84504
1.14872,1.67112,3.24651
1.67045,1.43403,1.04898
1.43112,-0.183004,-1.2959
-0.180745,-2.53383,-2.32189
-2.57843,-3.72415,-2.03514
-3.6839,-2.54694,-1.17363
-2.12929,-0.140143,-0.304956
0.871084,1.49341,0.259043
3.20256,1.58344,0.381484
3.48893,1.05117,0.0874462
1.80219,0.753578,-0.393082
-0.454512,0.691885,-0.763756
-1.76829,0.650628,-0.650147
-1.72004,0.222207,-0.147993
-0.982424,-0.647482,0.343613
-0.36496,-1.06609,0.679469
-0.0930902,-0.337508,0.807764
-0.000556089,0.294706,0.62818
0.00931049,-0.282337,0.21233
-0.000847208,-1.05209,-0.143502
0,-0.761291,-0.321097
0,0.231978,-0.580227
0,0.763775,-1.11338
0,0.554747,-1.4587
0,0.347098,-1.04305
0,0.474037,-0.0587609
0,0.6074,0.835008
0,0.68172,1.30588
0,0.155217,1.36411
0,-1.03074,1.09172
0,-1.66148,0.670147
0,-1.02984,0.36148
0,0.140345,0.105293
0,0.74836,-0.328489
0,0.609389,-0.791176
0,0.268592,-1.02129
0,0.0916542,-0.893347
0,0.0120133,-0.377009
0,-0.0106365,0.299113
0,0.00087619,0.707017
0,0,0.608673
0,0,0.155795
0,0,-0.291825
0,0,-0.445106
0,0,-0.228868
0,0,0.212105
0,0,0.606595
0,0,0.719995
0,0,0.54892
0,0,0.174107
0,0,-0.386125
0,0,-1.02228
0,0,-1.39396
0,0,-1.087
0,0,-0.277518
0,0,0.469082
0,0,0.893896
0,0,0.961674
0,0,0.766621
0,0,0.49802
0,0,0.210751
0,0,-0.156151
0,0,-0.601959
0,0,-1.04678
0,0,-1.22872
0,0,-0.882136
0,0,-0.0963795
0,0,0.712388
0,0.00337512,1.08392
0,-0.0406266,0.943697
0,0.0370652,0.631383
0,0.415022,0.393602
-0.00339763,1.05936,0.320787
0.0443547,1.67112,0.277128
-0.0789784,1.43403,-0.028712
-0.382856,-0.183004,-0.641131
-0.590347,-2.53383,-1.1372
-0.737625,-3.72415,-0.888346
-0.0711062,-2.54694,-0.123398
1.37367,-0.140143,0.401138
2.29097,1.49004,0.497731
2.14507,1.62744,0.469952
1.02478,0.973542,0.734766
-0.0303949,0.371195,1.38106
-0.443167,0.0931235,1.65686
-0.894937,0.00227392,0.872166
-1.79681,-0.00976326,-0.419625
-2.83082,0.00087619,-1.20455
-2.96453,0.00337512,-1.06587
-1.5342,-0.0406266,-0.313635
0.597294,0.0336275,0.455431
1.73927,0.460025,0.802799
1.28901,0.977723,0.558959
-0.0313575,1.28772,-0.0474564
-1.34292,0.846828,-0.514643
-1.76828,-0.876351,-0.683543
-0.829075,-2.69232,-0.754348
0.8203,-2.69145,-0.796281
1.86139,-0.889478,-0.736947
1.72059,0.888869,-0.527724
0.973101,1.35774,-0.276416
0.36579,0.881287,-0.15736
0.0964987,0.316229,-0.196262
-0.0437798,0.184735,-0.273308
0.0696545,0.342218,-0.281725
0.383703,0.622255,-0.15078
0.593788,1.1617,0.075957
0.69326,1.08336,0.215128
0.153433,0.286499,0.203
-1.03176,-0.341262,0.0716556
-1.65918,-0.974294,-0.0378238
-1.03092,-1.23108,0.0349278
0.139873,-0.671737,0.237405
0.747501,-0.143888,0.400483
0.607348,0.173071,0.44388
0.27268,0.663524,0.556253
0.0925302,0.746031,0.571067
0.00988787,0.0712828,0.218075
-0.0101626,-1.07539,-0.748405
0.000847505,-1.91665,-1.95138
-8.88179e-15,-1.363,-2.05135
-8.88179e-15,0.0793802,-0.938831
-8.88179e-15,1.41057,0.767589
-8.88179e-15,2.05059,2.15112
-8.88179e-15,1.52769,2.32381
-8.88179e-15,0.279714,1.32789
0.00339752,-0.742623,-0.258157
-0.0409553,-1.01398,-1.38956
0.0380145,-0.704057,-1.64816
0.420869,-0.28777,-1.34766
1.01466,-0.0800075,-0.916515
1.70453,-0.0122406,-0.702138
1.90228,0.050223,-0.384792
0.791535,-0.0343905,0.605968
-1.25044,-0.463451,1.67958
-2.87513,-0.936193,2.04816
-3.42851,-1.32878,2.06657
-2.83448,-1.26278,1.74877
-1.1954,-0.173928,0.608884
0.736518,1.01702,-1.07003
1.85997,1.24602,-2.12598
1.72991,1.11726,-1.67627
0.975651,1.61061,-0.28466
0.324834,1.99172,1.26603
0.131116,0.613554,2.81456
0.418044,-2.391,3.5638
1.0497,-4.47198,2.38586
1.62637,-3.66226,-0.392513
1.5228,-0.646462,-3.14611
0.156896,3.03795,-4.47771
-1.90908,5.40168,-4.22882
-2.56682,4.36815,-3.11273
-1.41675,0.963562,-1.42413
0.0674016,-1.88039,0.106269
0.761271,-2.40144,0.223214
0.101132,-0.70384,-0.828709
-0.984759,1.21348,-1.20231
-0.874232,1.47679,0.104598
-0.0379782,0.189585,1.30538
0.135706,-1.11021,0.969899
-0.303102,-1.4849,0.601398
-0.0641644,-1.26438,1.90656
1.33337,-1.44513,4.34179
2.92436,-2.19462,6.09853
3.94385,-2.49486,5.98531
3.60331,-1.47333,3.55425
1.15543,1.09392,-0.435934
-2.30164,3.90625,-3.98931
-3.92275,5.08794,-5.65717
-2.83287,3.86737,-5.24146
-1.26063,1.05188,-3.4636
-1.44665,-1.48619,-1.37945
-2.60497,-2.46269,0.139059
-2.63373,-2.00286,0.675923
-1.42896,-1.06804,0.675509
0.142209,-0.333664,0.984343
1.86085,-0.16087,1.68043
3.3808,-0.384799,1.90806
3.75302,-0.546079,1.13269
2.46957,-0.726762,-0.0671441
0.465443,-0.614452,-0.705879
0.0503913,0.0539974,-0.548885
1.26648,0.369761,-0.0335035
1.51288,0.182104,0.292828
-0.132892,0.74413,0.249298
-2.12734,1.94283,0.128783
-2.93721,2.07806,0.131039
-2.46579,0.621956,0.201474
-2.00248,-0.981483,0.151009
-1.87075,-1.36907,-0.0958993
-1.20571,-0.822395,-0.464084
-0.626344,-0.446891,-0.750913
-0.651468,-0.48835,-0.781264
-0.174477,-0.548789,-0.654837
1.46508,-0.761221,-0.634659
2.51978,-0.537559,-0.833302
1.52936,0.435343,-0.883981
-0.0748408,0.969094,-0.446931
-0.446022,0.872167,0.141676
0.405347,0.931072,0.330492
1.14418,0.875992,0.0423614
1.13724,0.00210627,-0.205393
1.04661,-1.4243,0.505562
0.628857,-2.58878,1.85434
-0.428095,-2.44126,2.06929
-0.976077,-0.632102,0.848951
-0.876637,1.74954,-0.571458
-0.891882,3.09713,-1.48613
-0.911715,2.16254,-1.51626
-0.423575,-0.961671,-0.384532
0.412633,-3.99676,1.00076
0.840019,-4.03651,1.198
0.617196,-0.700744,0.358126
0.265925,3.37291,-0.272751
0.0524217,5.15839,-0.345786
0.0445042,3.8139,-0.107377
0.455069,1.05483,0.0696646
0.933098,-0.61645,-0.137613
1.36941,-1.09134,-0.536219
1.18868,-1.42593,-0.686069
-0.246569,-1.33852,-0.444687
-1.57688,-0.964616,-0.25827
-1.52539,-0.890282,-0.381731
-0.173904,-0.947227,-0.562988
1.05158,-0.340362,-0.430226
0.732608,0.750795,-0.0692106
-0.824305,1.46798,0.196408
-2.45567,1.78117,0.725113
-2.87224,1.34612,1.6696
-1.53033,0.42299,1.95062
0.550384,-0.414901,0.931756
1.73723,-1.36722,-0.34347
1.74791,-1.81761,-0.914571
1.40412,-1.36516,-1.03606
1.3796,-0.302243,-1.23214
1.80103,1.20921,-1.50066
1.86189,2.27693,-1.35626
0.816843,1.85595,-0.313463
-0.787754,0.276469,1.32966
-1.89853,-1.14874,2.28412
-2.14149,-1.45022,1.58172
-1.98434,-0.88803,0.201875
-2.11465,-0.361258,-0.092854
-1.91644,-0.0628502,0.724992
-0.409306,-0.0343711,1.10514
1.85015,-0.406277,-0.0278858
3.60853,-1.06028,-1.69745
3.54397,-1.67104,-1.81911
1.38185,-1.43398,-0.145816
-1.47846,0.182927,1.48417
-3.47534,2.53384,1.6966
-3.58138,3.72414,0.454562
-1.81203,2.54697,-1.54791
0.468003,0.140146,-2.88929
1.7265,-1.49102,-2.29602
1.75807,-1.61994,-0.240448
1.40327,-1.01328,1.50533
1.3796,-0.342359,1.72552
1.80103,0.326439,0.667441
1.86529,1.01613,-0.346961
0.779283,1.76152,-0.162979
-0.797485,1.81568,0.797934
-1.35432,0.407226,1.24119
-0.822996,-1.83886,0.681782
-0.0689509,-3.5322,-0.434377
-0.112801,-3.62284,-1.10935
-1.66125,-2.21504,-0.500081
-2.88597,-0.554727,0.667989
-1.61102,0.0556381,0.771785
1.18823,-0.131952,-0.0838648
2.92956,0.112317,-0.625256
2.96374,1.22844,-0.620115
1.95587,2.37399,-0.62946
0.166645,2.73635,-0.704567
-2.01452,2.67235,-0.30314
-3.66123,2.22889,0.826403
-3.60118,0.917168,1.76483
-1.79172,-0.790903,1.52471
0.462971,-1.90653,0.111996
1.76744,-2.13788,-1.9515
1.72004,-1.98625,-3.11002
0.982424,-2.11522,-2.21398
0.36496,-1.91124,0.0790694
0.0930902,-0.406508,2.06927
0.000556089,1.85023,2.51918
-0.00931049,3.56482,1.95406
0.00424484,3.57526,0.978021
-0.0409571,1.84224,-0.395888
0.0346238,-0.497102,-1.58196
0.461834,-2.18718,-1.84293
0.976604,-2.73241,-0.770606
1.28362,-2.73242,1.19342
0.887723,-2.18718,2.50868
-0.91633,-0.49709,1.97863
-3.10849,1.83886,-0.00163254
-3.74907,3.61502,-1.81136
-2.51651,3.54176,-1.89976
-0.635458,1.37916,-0.518081
1.20131,-1.47888,0.956568
2.74478,-3.4718,1.35322
3.01103,-3.57638,0.479891
1.90536,-1.81132,-0.547854
0.481752,0.460936,-0.929087
0.00167789,1.77112,-0.282456
0.435988,1.68145,0.76511
0.546765,1.01764,0.902194
-0.0916721,0.780079,-0.0257865
-0.839483,1.11173,-1.03539
-1.02417,1.71347,-1.13621
-0.64277,1.84431,-0.682426
-0.406765,0.872521,-0.661003
-0.382856,-0.907387,-0.761264
-0.262559,-2.24645,-0.0806011
-0.054746,-2.27509,1.09967
1.00078,-1.70128,2.00048
2.16185,-0.935257,1.89588
1.91445,-0.0809394,0.40725
0.218474,-0.0519701,-1.58536
-2.04916,-0.817851,-2.39126
-3.29854,-0.968885,-1.24337
-2.54991,0.0848437,0.888889
-0.556427,1.20731,2.41557
1.06759,1.52926,2.41613
1.43746,1.26257,1.02483
0.900045,0.945857,-0.780062
0.35085,0.796876,-1.8763
0.147602,0.159179,-1.93291
-0.0792695,-1.08548,-1.47262
-0.392167,-1.57554,-1.11167
-0.592897,-0.688069,-0.810018
-0.693271,0.768618,-0.255861
-0.153482,1.85779,0.523695
1.03177,1.81814,1.37832
1.65581,0.91539,1.79317
1.07188,-0.168396,1.28486
-0.177948,-1.16891,0.231317
-1.16837,-1.98774,-0.488541
-1.61853,-1.95821,-0.806197
-2.02156,-0.234479,-1.24894
-1.91928,1.989,-1.56952
-0.377661,2.41711,-1.28493
1.81638,0.84825,-0.565542
3.14671,-0.938696,0.221885
2.56731,-1.76553,1.01757
0.0948288,-1.8967,1.66202
-2.32511,-2.07142,1.72902
-2.59707,-1.96107,1.11782
-0.887115,-0.829086,0.349549
0.837193,0.839571,-0.0678215
1.3937,1.85982,-0.252291
1.30086,1.7203,-0.492019
1.37988,0.971819,-0.602898
1.81034,0.362433,-0.374558
1.85764,0.0939371,-0.155175
0.861198,0.00227392,-0.170046
-0.870131,-0.00976326,0.0168153
-2.24043,0.00087619,0.606489
-2.77327,0,0.820251
-3.10187,0,0.0473235
-3.24179,0,-1.1433
-2.6272,0,-1.84072
-1.0733,0,-1.57236
1.07825,0,-0.428174
2.97024,0,0.786508
3.84831,0,1.15779
3.79767,0,0.692929
2.88655,0,0.232662
1.23404,0,0.272668
-0.324883,0,0.50931
-0.844546,0,0.591928
-0.022048,0,0.673158
0.889116,0,0.881294
0.463795,0,0.798991
-0.922669,0,0.171288
-1.86108,0,-0.7029
-1.7113,0,-1.3193
-0.973956,0,-1.43194
-0.365807,0,-1.05025
-0.0930902,0,-0.330208
-0.000556089,0,0.364764
0.00931049,0,0.667436
-0.000847208,0,0.464689
0,0,0.158857
0,0,0.151528
0,0,0.420731
-0.00339763,0.00337512,0.712348
0.0443547,-0.0440017,0.783378
-0.0823761,0.0810677,0.571709
-0.341899,0.33738,0.071805
-0.631766,0.680459,-0.645705
-1.11415,1.03419,-1.28959
-1.16811,0.781612,-1.65991
-0.676119,0.0860798,-1.80732
-0.202155,-0.492405,-1.52395
0.201297,-0.357623,-0.560079
0.689673,0.342418,0.673163
1.11305,0.545153,1.50107
1.11668,-0.0819871,1.59087
0.659454,-0.836453,1.03983
0.307879,-1.01622,0.139328
0.545049,-0.694323,-0.787557
0.987339,-0.288644,-1.32591
1.27688,-0.0800075,-1.27816
0.847622,-0.00886621,-0.356977
-0.878343,0.00960829,1.513
-2.69097,-0.000810625,3.45641
-2.69012,0,4.2205
-0.887658,0,2.9684
0.846499,0,0.191277
1.39285,0,-2.34552
1.30086,0,-3.18111
1.37988,0,-2.42613
1.81034,0,-1.1421
1.86104,0,-0.17366
0.82024,0,0.176511
-0.827864,-0.35975,-0.0747107
-1.87407,5.39626,2.12862
-1.663,-17.6244,-7.42677
-1.00391,-23.4243,-9.5783
